0 29243
182 29243
364 29243
546 29243
728 29243
910 29243
1092 29243
1274 29243
1456 29243
1638 29243
1820 29243
2002 29243
2184 29243
2366 29243
2548 29243
2730 29243
2912 29243
3094 29243
3276 29243
3458 29243
3640 29243
3822 29243
4004 29243
4187 29243
4369 29243
4551 29243
4733 29243
4915 29243
5097 29243
5279 29243
5461 29243
5643 29243
5825 29243
6007 29243
6189 29243
6371 29243
6553 29243
6735 29243
6917 29243
7099 29243
7281 29243
7463 29243
7645 29243
7827 29243
8009 29243
8192 29243
8374 29243
8556 29243
8738 29243
8920 29243
9102 29243
9284 29243
9466 29243
9648 29243
9830 29243
10012 29243
10194 29243
10376 29243
10558 29243
10740 29243
10922 29243
11104 29243
11286 29243
11468 29243
11650 29243
11832 29243
12014 29243
12196 29243
12379 29243
12561 29243
12743 29243
12925 29243
13107 29243
13289 29243
13471 29243
13653 29243
13835 29243
14017 29243
14199 29243
14381 29243
14563 29243
14745 29243
14927 29243
15109 29243
15291 29243
15473 29243
15655 29243
15837 29243
16019 29243
16201 29243
16384 29243
16566 29243
16748 29243
16930 29243
17112 29243
17294 29243
17476 29243
17658 29243
17840 29243
18022 29243
18204 29243
18386 29243
18568 29243
18750 29243
18932 29243
19114 29243
19296 29243
19478 29243
19660 29243
19842 29243
20024 29243
20206 29243
20388 29243
20571 29243
0 29050
182 29050
364 29050
546 29050
728 29050
910 29050
1092 29050
1274 29050
1456 29050
1638 29050
1820 29050
2002 29050
2184 29050
2366 29050
2548 29050
2730 29050
2912 29050
3094 29050
3276 29050
3458 29050
3640 29050
3822 29050
4004 29050
4187 29050
4369 29050
4551 29050
4733 29050
4915 29050
5097 29050
5279 29050
5461 29050
5643 29050
5825 29050
6007 29050
6189 29050
6371 29050
6553 29050
6735 29050
6917 29050
7099 29050
7281 29050
7463 29050
7645 29050
7827 29050
8009 29050
8192 29050
8374 29050
8556 29050
8738 29050
8920 29050
9102 29050
9284 29050
9466 29050
9648 29050
9830 29050
10012 29050
10194 29050
10376 29050
10558 29050
10740 29050
10922 29050
11104 29050
11286 29050
11468 29050
11650 29050
11832 29050
12014 29050
12196 29050
12379 29050
12561 29050
12743 29050
12925 29050
13107 29050
13289 29050
13471 29050
13653 29050
13835 29050
14017 29050
14199 29050
14381 29050
14563 29050
14745 29050
14927 29050
15109 29050
15291 29050
15473 29050
15655 29050
15837 29050
16019 29050
16201 29050
16384 29050
16566 29050
16748 29050
16930 29050
17112 29050
17294 29050
17476 29050
17658 29050
17840 29050
18022 29050
18204 29050
18386 29050
18568 29050
18750 29050
18932 29050
19114 29050
19296 29050
19478 29050
19660 29050
19842 29050
20024 29050
20206 29050
20388 29050
20571 29050
0 28856
182 28856
364 28856
546 28856
728 28856
910 28856
1092 28856
1274 28856
1456 28856
1638 28856
1820 28856
2002 28856
2184 28856
2366 28856
2548 28856
2730 28856
2912 28856
3094 28856
3276 28856
3458 28856
3640 28856
3822 28856
4004 28856
4187 28856
4369 28856
4551 28856
4733 28856
4915 28856
5097 28856
5279 28856
5461 28856
5643 28856
5825 28856
6007 28856
6189 28856
6371 28856
6553 28856
6735 28856
6917 28856
7099 28856
7281 28856
7463 28856
7645 28856
7827 28856
8009 28856
8192 28856
8374 28856
8556 28856
8738 28856
8920 28856
9102 28856
9284 28856
9466 28856
9648 28856
9830 28856
10012 28856
10194 28856
10376 28856
10558 28856
10740 28856
10922 28856
11104 28856
11286 28856
11468 28856
11650 28856
11832 28856
12014 28856
12196 28856
12379 28856
12561 28856
12743 28856
12925 28856
13107 28856
13289 28856
13471 28856
13653 28856
13835 28856
14017 28856
14199 28856
14381 28856
14563 28856
14745 28856
14927 28856
15109 28856
15291 28856
15473 28856
15655 28856
15837 28856
16019 28856
16201 28856
16384 28856
16566 28856
16748 28856
16930 28856
17112 28856
17294 28856
17476 28856
17658 28856
17840 28856
18022 28856
18204 28856
18386 28856
18568 28856
18750 28856
18932 28856
19114 28856
19296 28856
19478 28856
19660 28856
19842 28856
20024 28856
20206 28856
20388 28856
20571 28856
0 28660
182 28660
364 28660
546 28660
728 28660
910 28660
1092 28660
1274 28660
1456 28660
1638 28660
1820 28660
2002 28660
2184 28660
2366 28660
2548 28660
2730 28660
2912 28660
3094 28660
3276 28660
3458 28660
3640 28660
3822 28660
4004 28660
4187 28660
4369 28660
4551 28660
4733 28660
4915 28660
5097 28660
5279 28660
5461 28660
5643 28660
5825 28660
6007 28660
6189 28660
6371 28660
6553 28660
6735 28660
6917 28660
7099 28660
7281 28660
7463 28660
7645 28660
7827 28660
8009 28660
8192 28660
8374 28660
8556 28660
8738 28660
8920 28660
9102 28660
9284 28660
9466 28660
9648 28660
9830 28660
10012 28660
10194 28660
10376 28660
10558 28660
10740 28660
10922 28660
11104 28660
11286 28660
11468 28660
11650 28660
11832 28660
12014 28660
12196 28660
12379 28660
12561 28660
12743 28660
12925 28660
13107 28660
13289 28660
13471 28660
13653 28660
13835 28660
14017 28660
14199 28660
14381 28660
14563 28660
14745 28660
14927 28660
15109 28660
15291 28660
15473 28660
15655 28660
15837 28660
16019 28660
16201 28660
16384 28660
16566 28660
16748 28660
16930 28660
17112 28660
17294 28660
17476 28660
17658 28660
17840 28660
18022 28660
18204 28660
18386 28660
18568 28660
18750 28660
18932 28660
19114 28660
19296 28660
19478 28660
19660 28660
19842 28660
20024 28660
20206 28660
20388 28660
20571 28660
0 28463
182 28463
364 28463
546 28463
728 28463
910 28463
1092 28463
1274 28463
1456 28463
1638 28463
1820 28463
2002 28463
2184 28463
2366 28463
2548 28463
2730 28463
2912 28463
3094 28463
3276 28463
3458 28463
3640 28463
3822 28463
4004 28463
4187 28463
4369 28463
4551 28463
4733 28463
4915 28463
5097 28463
5279 28463
5461 28463
5643 28463
5825 28463
6007 28463
6189 28463
6371 28463
6553 28463
6735 28463
6917 28463
7099 28463
7281 28463
7463 28463
7645 28463
7827 28463
8009 28463
8192 28463
8374 28463
8556 28463
8738 28463
8920 28463
9102 28463
9284 28463
9466 28463
9648 28463
9830 28463
10012 28463
10194 28463
10376 28463
10558 28463
10740 28463
10922 28463
11104 28463
11286 28463
11468 28463
11650 28463
11832 28463
12014 28463
12196 28463
12379 28463
12561 28463
12743 28463
12925 28463
13107 28463
13289 28463
13471 28463
13653 28463
13835 28463
14017 28463
14199 28463
14381 28463
14563 28463
14745 28463
14927 28463
15109 28463
15291 28463
15473 28463
15655 28463
15837 28463
16019 28463
16201 28463
16384 28463
16566 28463
16748 28463
16930 28463
17112 28463
17294 28463
17476 28463
17658 28463
17840 28463
18022 28463
18204 28463
18386 28463
18568 28463
18750 28463
18932 28463
19114 28463
19296 28463
19478 28463
19660 28463
19842 28463
20024 28463
20206 28463
20388 28463
20571 28463
0 28265
182 28265
364 28265
546 28265
728 28265
910 28265
1092 28265
1274 28265
1456 28265
1638 28265
1820 28265
2002 28265
2184 28265
2366 28265
2548 28265
2730 28265
2912 28265
3094 28265
3276 28265
3458 28265
3640 28265
3822 28265
4004 28265
4187 28265
4369 28265
4551 28265
4733 28265
4915 28265
5097 28265
5279 28265
5461 28265
5643 28265
5825 28265
6007 28265
6189 28265
6371 28265
6553 28265
6735 28265
6917 28265
7099 28265
7281 28265
7463 28265
7645 28265
7827 28265
8009 28265
8192 28265
8374 28265
8556 28265
8738 28265
8920 28265
9102 28265
9284 28265
9466 28265
9648 28265
9830 28265
10012 28265
10194 28265
10376 28265
10558 28265
10740 28265
10922 28265
11104 28265
11286 28265
11468 28265
11650 28265
11832 28265
12014 28265
12196 28265
12379 28265
12561 28265
12743 28265
12925 28265
13107 28265
13289 28265
13471 28265
13653 28265
13835 28265
14017 28265
14199 28265
14381 28265
14563 28265
14745 28265
14927 28265
15109 28265
15291 28265
15473 28265
15655 28265
15837 28265
16019 28265
16201 28265
16384 28265
16566 28265
16748 28265
16930 28265
17112 28265
17294 28265
17476 28265
17658 28265
17840 28265
18022 28265
18204 28265
18386 28265
18568 28265
18750 28265
18932 28265
19114 28265
19296 28265
19478 28265
19660 28265
19842 28265
20024 28265
20206 28265
20388 28265
20571 28265
0 28065
182 28065
364 28065
546 28065
728 28065
910 28065
1092 28065
1274 28065
1456 28065
1638 28065
1820 28065
2002 28065
2184 28065
2366 28065
2548 28065
2730 28065
2912 28065
3094 28065
3276 28065
3458 28065
3640 28065
3822 28065
4004 28065
4187 28065
4369 28065
4551 28065
4733 28065
4915 28065
5097 28065
5279 28065
5461 28065
5643 28065
5825 28065
6007 28065
6189 28065
6371 28065
6553 28065
6735 28065
6917 28065
7099 28065
7281 28065
7463 28065
7645 28065
7827 28065
8009 28065
8192 28065
8374 28065
8556 28065
8738 28065
8920 28065
9102 28065
9284 28065
9466 28065
9648 28065
9830 28065
10012 28065
10194 28065
10376 28065
10558 28065
10740 28065
10922 28065
11104 28065
11286 28065
11468 28065
11650 28065
11832 28065
12014 28065
12196 28065
12379 28065
12561 28065
12743 28065
12925 28065
13107 28065
13289 28065
13471 28065
13653 28065
13835 28065
14017 28065
14199 28065
14381 28065
14563 28065
14745 28065
14927 28065
15109 28065
15291 28065
15473 28065
15655 28065
15837 28065
16019 28065
16201 28065
16384 28065
16566 28065
16748 28065
16930 28065
17112 28065
17294 28065
17476 28065
17658 28065
17840 28065
18022 28065
18204 28065
18386 28065
18568 28065
18750 28065
18932 28065
19114 28065
19296 28065
19478 28065
19660 28065
19842 28065
20024 28065
20206 28065
20388 28065
20571 28065
0 27863
182 27863
364 27863
546 27863
728 27863
910 27863
1092 27863
1274 27863
1456 27863
1638 27863
1820 27863
2002 27863
2184 27863
2366 27863
2548 27863
2730 27863
2912 27863
3094 27863
3276 27863
3458 27863
3640 27863
3822 27863
4004 27863
4187 27863
4369 27863
4551 27863
4733 27863
4915 27863
5097 27863
5279 27863
5461 27863
5643 27863
5825 27863
6007 27863
6189 27863
6371 27863
6553 27863
6735 27863
6917 27863
7099 27863
7281 27863
7463 27863
7645 27863
7827 27863
8009 27863
8192 27863
8374 27863
8556 27863
8738 27863
8920 27863
9102 27863
9284 27863
9466 27863
9648 27863
9830 27863
10012 27863
10194 27863
10376 27863
10558 27863
10740 27863
10922 27863
11104 27863
11286 27863
11468 27863
11650 27863
11832 27863
12014 27863
12196 27863
12379 27863
12561 27863
12743 27863
12925 27863
13107 27863
13289 27863
13471 27863
13653 27863
13835 27863
14017 27863
14199 27863
14381 27863
14563 27863
14745 27863
14927 27863
15109 27863
15291 27863
15473 27863
15655 27863
15837 27863
16019 27863
16201 27863
16384 27863
16566 27863
16748 27863
16930 27863
17112 27863
17294 27863
17476 27863
17658 27863
17840 27863
18022 27863
18204 27863
18386 27863
18568 27863
18750 27863
18932 27863
19114 27863
19296 27863
19478 27863
19660 27863
19842 27863
20024 27863
20206 27863
20388 27863
20571 27863
0 27660
182 27660
364 27660
546 27660
728 27660
910 27660
1092 27660
1274 27660
1456 27660
1638 27660
1820 27660
2002 27660
2184 27660
2366 27660
2548 27660
2730 27660
2912 27660
3094 27660
3276 27660
3458 27660
3640 27660
3822 27660
4004 27660
4187 27660
4369 27660
4551 27660
4733 27660
4915 27660
5097 27660
5279 27660
5461 27660
5643 27660
5825 27660
6007 27660
6189 27660
6371 27660
6553 27660
6735 27660
6917 27660
7099 27660
7281 27660
7463 27660
7645 27660
7827 27660
8009 27660
8192 27660
8374 27660
8556 27660
8738 27660
8920 27660
9102 27660
9284 27660
9466 27660
9648 27660
9830 27660
10012 27660
10194 27660
10376 27660
10558 27660
10740 27660
10922 27660
11104 27660
11286 27660
11468 27660
11650 27660
11832 27660
12014 27660
12196 27660
12379 27660
12561 27660
12743 27660
12925 27660
13107 27660
13289 27660
13471 27660
13653 27660
13835 27660
14017 27660
14199 27660
14381 27660
14563 27660
14745 27660
14927 27660
15109 27660
15291 27660
15473 27660
15655 27660
15837 27660
16019 27660
16201 27660
16384 27660
16566 27660
16748 27660
16930 27660
17112 27660
17294 27660
17476 27660
17658 27660
17840 27660
18022 27660
18204 27660
18386 27660
18568 27660
18750 27660
18932 27660
19114 27660
19296 27660
19478 27660
19660 27660
19842 27660
20024 27660
20206 27660
20388 27660
20571 27660
0 27454
182 27454
364 27454
546 27454
728 27454
910 27454
1092 27454
1274 27454
1456 27454
1638 27454
1820 27454
2002 27454
2184 27454
2366 27454
2548 27454
2730 27454
2912 27454
3094 27454
3276 27454
3458 27454
3640 27454
3822 27454
4004 27454
4187 27454
4369 27454
4551 27454
4733 27454
4915 27454
5097 27454
5279 27454
5461 27454
5643 27454
5825 27454
6007 27454
6189 27454
6371 27454
6553 27454
6735 27454
6917 27454
7099 27454
7281 27454
7463 27454
7645 27454
7827 27454
8009 27454
8192 27454
8374 27454
8556 27454
8738 27454
8920 27454
9102 27454
9284 27454
9466 27454
9648 27454
9830 27454
10012 27454
10194 27454
10376 27454
10558 27454
10740 27454
10922 27454
11104 27454
11286 27454
11468 27454
11650 27454
11832 27454
12014 27454
12196 27454
12379 27454
12561 27454
12743 27454
12925 27454
13107 27454
13289 27454
13471 27454
13653 27454
13835 27454
14017 27454
14199 27454
14381 27454
14563 27454
14745 27454
14927 27454
15109 27454
15291 27454
15473 27454
15655 27454
15837 27454
16019 27454
16201 27454
16384 27454
16566 27454
16748 27454
16930 27454
17112 27454
17294 27454
17476 27454
17658 27454
17840 27454
18022 27454
18204 27454
18386 27454
18568 27454
18750 27454
18932 27454
19114 27454
19296 27454
19478 27454
19660 27454
19842 27454
20024 27454
20206 27454
20388 27454
20571 27454
0 27247
182 27247
364 27247
546 27247
728 27247
910 27247
1092 27247
1274 27247
1456 27247
1638 27247
1820 27247
2002 27247
2184 27247
2366 27247
2548 27247
2730 27247
2912 27247
3094 27247
3276 27247
3458 27247
3640 27247
3822 27247
4004 27247
4187 27247
4369 27247
4551 27247
4733 27247
4915 27247
5097 27247
5279 27247
5461 27247
5643 27247
5825 27247
6007 27247
6189 27247
6371 27247
6553 27247
6735 27247
6917 27247
7099 27247
7281 27247
7463 27247
7645 27247
7827 27247
8009 27247
8192 27247
8374 27247
8556 27247
8738 27247
8920 27247
9102 27247
9284 27247
9466 27247
9648 27247
9830 27247
10012 27247
10194 27247
10376 27247
10558 27247
10740 27247
10922 27247
11104 27247
11286 27247
11468 27247
11650 27247
11832 27247
12014 27247
12196 27247
12379 27247
12561 27247
12743 27247
12925 27247
13107 27247
13289 27247
13471 27247
13653 27247
13835 27247
14017 27247
14199 27247
14381 27247
14563 27247
14745 27247
14927 27247
15109 27247
15291 27247
15473 27247
15655 27247
15837 27247
16019 27247
16201 27247
16384 27247
16566 27247
16748 27247
16930 27247
17112 27247
17294 27247
17476 27247
17658 27247
17840 27247
18022 27247
18204 27247
18386 27247
18568 27247
18750 27247
18932 27247
19114 27247
19296 27247
19478 27247
19660 27247
19842 27247
20024 27247
20206 27247
20388 27247
20571 27247
0 27038
182 27038
364 27038
546 27038
728 27038
910 27038
1092 27038
1274 27038
1456 27038
1638 27038
1820 27038
2002 27038
2184 27038
2366 27038
2548 27038
2730 27038
2912 27038
3094 27038
3276 27038
3458 27038
3640 27038
3822 27038
4004 27038
4187 27038
4369 27038
4551 27038
4733 27038
4915 27038
5097 27038
5279 27038
5461 27038
5643 27038
5825 27038
6007 27038
6189 27038
6371 27038
6553 27038
6735 27038
6917 27038
7099 27038
7281 27038
7463 27038
7645 27038
7827 27038
8009 27038
8192 27038
8374 27038
8556 27038
8738 27038
8920 27038
9102 27038
9284 27038
9466 27038
9648 27038
9830 27038
10012 27038
10194 27038
10376 27038
10558 27038
10740 27038
10922 27038
11104 27038
11286 27038
11468 27038
11650 27038
11832 27038
12014 27038
12196 27038
12379 27038
12561 27038
12743 27038
12925 27038
13107 27038
13289 27038
13471 27038
13653 27038
13835 27038
14017 27038
14199 27038
14381 27038
14563 27038
14745 27038
14927 27038
15109 27038
15291 27038
15473 27038
15655 27038
15837 27038
16019 27038
16201 27038
16384 27038
16566 27038
16748 27038
16930 27038
17112 27038
17294 27038
17476 27038
17658 27038
17840 27038
18022 27038
18204 27038
18386 27038
18568 27038
18750 27038
18932 27038
19114 27038
19296 27038
19478 27038
19660 27038
19842 27038
20024 27038
20206 27038
20388 27038
20571 27038
0 26827
182 26827
364 26827
546 26827
728 26827
910 26827
1092 26827
1274 26827
1456 26827
1638 26827
1820 26827
2002 26827
2184 26827
2366 26827
2548 26827
2730 26827
2912 26827
3094 26827
3276 26827
3458 26827
3640 26827
3822 26827
4004 26827
4187 26827
4369 26827
4551 26827
4733 26827
4915 26827
5097 26827
5279 26827
5461 26827
5643 26827
5825 26827
6007 26827
6189 26827
6371 26827
6553 26827
6735 26827
6917 26827
7099 26827
7281 26827
7463 26827
7645 26827
7827 26827
8009 26827
8192 26827
8374 26827
8556 26827
8738 26827
8920 26827
9102 26827
9284 26827
9466 26827
9648 26827
9830 26827
10012 26827
10194 26827
10376 26827
10558 26827
10740 26827
10922 26827
11104 26827
11286 26827
11468 26827
11650 26827
11832 26827
12014 26827
12196 26827
12379 26827
12561 26827
12743 26827
12925 26827
13107 26827
13289 26827
13471 26827
13653 26827
13835 26827
14017 26827
14199 26827
14381 26827
14563 26827
14745 26827
14927 26827
15109 26827
15291 26827
15473 26827
15655 26827
15837 26827
16019 26827
16201 26827
16384 26827
16566 26827
16748 26827
16930 26827
17112 26827
17294 26827
17476 26827
17658 26827
17840 26827
18022 26827
18204 26827
18386 26827
18568 26827
18750 26827
18932 26827
19114 26827
19296 26827
19478 26827
19660 26827
19842 26827
20024 26827
20206 26827
20388 26827
20571 26827
0 26613
182 26613
364 26613
546 26613
728 26613
910 26613
1092 26613
1274 26613
1456 26613
1638 26613
1820 26613
2002 26613
2184 26613
2366 26613
2548 26613
2730 26613
2912 26613
3094 26613
3276 26613
3458 26613
3640 26613
3822 26613
4004 26613
4187 26613
4369 26613
4551 26613
4733 26613
4915 26613
5097 26613
5279 26613
5461 26613
5643 26613
5825 26613
6007 26613
6189 26613
6371 26613
6553 26613
6735 26613
6917 26613
7099 26613
7281 26613
7463 26613
7645 26613
7827 26613
8009 26613
8192 26613
8374 26613
8556 26613
8738 26613
8920 26613
9102 26613
9284 26613
9466 26613
9648 26613
9830 26613
10012 26613
10194 26613
10376 26613
10558 26613
10740 26613
10922 26613
11104 26613
11286 26613
11468 26613
11650 26613
11832 26613
12014 26613
12196 26613
12379 26613
12561 26613
12743 26613
12925 26613
13107 26613
13289 26613
13471 26613
13653 26613
13835 26613
14017 26613
14199 26613
14381 26613
14563 26613
14745 26613
14927 26613
15109 26613
15291 26613
15473 26613
15655 26613
15837 26613
16019 26613
16201 26613
16384 26613
16566 26613
16748 26613
16930 26613
17112 26613
17294 26613
17476 26613
17658 26613
17840 26613
18022 26613
18204 26613
18386 26613
18568 26613
18750 26613
18932 26613
19114 26613
19296 26613
19478 26613
19660 26613
19842 26613
20024 26613
20206 26613
20388 26613
20571 26613
0 26397
182 26397
364 26397
546 26397
728 26397
910 26397
1092 26397
1274 26397
1456 26397
1638 26397
1820 26397
2002 26397
2184 26397
2366 26397
2548 26397
2730 26397
2912 26397
3094 26397
3276 26397
3458 26397
3640 26397
3822 26397
4004 26397
4187 26397
4369 26397
4551 26397
4733 26397
4915 26397
5097 26397
5279 26397
5461 26397
5643 26397
5825 26397
6007 26397
6189 26397
6371 26397
6553 26397
6735 26397
6917 26397
7099 26397
7281 26397
7463 26397
7645 26397
7827 26397
8009 26397
8192 26397
8374 26397
8556 26397
8738 26397
8920 26397
9102 26397
9284 26397
9466 26397
9648 26397
9830 26397
10012 26397
10194 26397
10376 26397
10558 26397
10740 26397
10922 26397
11104 26397
11286 26397
11468 26397
11650 26397
11832 26397
12014 26397
12196 26397
12379 26397
12561 26397
12743 26397
12925 26397
13107 26397
13289 26397
13471 26397
13653 26397
13835 26397
14017 26397
14199 26397
14381 26397
14563 26397
14745 26397
14927 26397
15109 26397
15291 26397
15473 26397
15655 26397
15837 26397
16019 26397
16201 26397
16384 26397
16566 26397
16748 26397
16930 26397
17112 26397
17294 26397
17476 26397
17658 26397
17840 26397
18022 26397
18204 26397
18386 26397
18568 26397
18750 26397
18932 26397
19114 26397
19296 26397
19478 26397
19660 26397
19842 26397
20024 26397
20206 26397
20388 26397
20571 26397
0 26179
182 26179
364 26179
546 26179
728 26179
910 26179
1092 26179
1274 26179
1456 26179
1638 26179
1820 26179
2002 26179
2184 26179
2366 26179
2548 26179
2730 26179
2912 26179
3094 26179
3276 26179
3458 26179
3640 26179
3822 26179
4004 26179
4187 26179
4369 26179
4551 26179
4733 26179
4915 26179
5097 26179
5279 26179
5461 26179
5643 26179
5825 26179
6007 26179
6189 26179
6371 26179
6553 26179
6735 26179
6917 26179
7099 26179
7281 26179
7463 26179
7645 26179
7827 26179
8009 26179
8192 26179
8374 26179
8556 26179
8738 26179
8920 26179
9102 26179
9284 26179
9466 26179
9648 26179
9830 26179
10012 26179
10194 26179
10376 26179
10558 26179
10740 26179
10922 26179
11104 26179
11286 26179
11468 26179
11650 26179
11832 26179
12014 26179
12196 26179
12379 26179
12561 26179
12743 26179
12925 26179
13107 26179
13289 26179
13471 26179
13653 26179
13835 26179
14017 26179
14199 26179
14381 26179
14563 26179
14745 26179
14927 26179
15109 26179
15291 26179
15473 26179
15655 26179
15837 26179
16019 26179
16201 26179
16384 26179
16566 26179
16748 26179
16930 26179
17112 26179
17294 26179
17476 26179
17658 26179
17840 26179
18022 26179
18204 26179
18386 26179
18568 26179
18750 26179
18932 26179
19114 26179
19296 26179
19478 26179
19660 26179
19842 26179
20024 26179
20206 26179
20388 26179
20571 26179
0 25958
182 25958
364 25958
546 25958
728 25958
910 25958
1092 25958
1274 25958
1456 25958
1638 25958
1820 25958
2002 25958
2184 25958
2366 25958
2548 25958
2730 25958
2912 25958
3094 25958
3276 25958
3458 25958
3640 25958
3822 25958
4004 25958
4187 25958
4369 25958
4551 25958
4733 25958
4915 25958
5097 25958
5279 25958
5461 25958
5643 25958
5825 25958
6007 25958
6189 25958
6371 25958
6553 25958
6735 25958
6917 25958
7099 25958
7281 25958
7463 25958
7645 25958
7827 25958
8009 25958
8192 25958
8374 25958
8556 25958
8738 25958
8920 25958
9102 25958
9284 25958
9466 25958
9648 25958
9830 25958
10012 25958
10194 25958
10376 25958
10558 25958
10740 25958
10922 25958
11104 25958
11286 25958
11468 25958
11650 25958
11832 25958
12014 25958
12196 25958
12379 25958
12561 25958
12743 25958
12925 25958
13107 25958
13289 25958
13471 25958
13653 25958
13835 25958
14017 25958
14199 25958
14381 25958
14563 25958
14745 25958
14927 25958
15109 25958
15291 25958
15473 25958
15655 25958
15837 25958
16019 25958
16201 25958
16384 25958
16566 25958
16748 25958
16930 25958
17112 25958
17294 25958
17476 25958
17658 25958
17840 25958
18022 25958
18204 25958
18386 25958
18568 25958
18750 25958
18932 25958
19114 25958
19296 25958
19478 25958
19660 25958
19842 25958
20024 25958
20206 25958
20388 25958
20571 25958
0 25735
182 25735
364 25735
546 25735
728 25735
910 25735
1092 25735
1274 25735
1456 25735
1638 25735
1820 25735
2002 25735
2184 25735
2366 25735
2548 25735
2730 25735
2912 25735
3094 25735
3276 25735
3458 25735
3640 25735
3822 25735
4004 25735
4187 25735
4369 25735
4551 25735
4733 25735
4915 25735
5097 25735
5279 25735
5461 25735
5643 25735
5825 25735
6007 25735
6189 25735
6371 25735
6553 25735
6735 25735
6917 25735
7099 25735
7281 25735
7463 25735
7645 25735
7827 25735
8009 25735
8192 25735
8374 25735
8556 25735
8738 25735
8920 25735
9102 25735
9284 25735
9466 25735
9648 25735
9830 25735
10012 25735
10194 25735
10376 25735
10558 25735
10740 25735
10922 25735
11104 25735
11286 25735
11468 25735
11650 25735
11832 25735
12014 25735
12196 25735
12379 25735
12561 25735
12743 25735
12925 25735
13107 25735
13289 25735
13471 25735
13653 25735
13835 25735
14017 25735
14199 25735
14381 25735
14563 25735
14745 25735
14927 25735
15109 25735
15291 25735
15473 25735
15655 25735
15837 25735
16019 25735
16201 25735
16384 25735
16566 25735
16748 25735
16930 25735
17112 25735
17294 25735
17476 25735
17658 25735
17840 25735
18022 25735
18204 25735
18386 25735
18568 25735
18750 25735
18932 25735
19114 25735
19296 25735
19478 25735
19660 25735
19842 25735
20024 25735
20206 25735
20388 25735
20571 25735
0 25508
182 25508
364 25508
546 25508
728 25508
910 25508
1092 25508
1274 25508
1456 25508
1638 25508
1820 25508
2002 25508
2184 25508
2366 25508
2548 25508
2730 25508
2912 25508
3094 25508
3276 25508
3458 25508
3640 25508
3822 25508
4004 25508
4187 25508
4369 25508
4551 25508
4733 25508
4915 25508
5097 25508
5279 25508
5461 25508
5643 25508
5825 25508
6007 25508
6189 25508
6371 25508
6553 25508
6735 25508
6917 25508
7099 25508
7281 25508
7463 25508
7645 25508
7827 25508
8009 25508
8192 25508
8374 25508
8556 25508
8738 25508
8920 25508
9102 25508
9284 25508
9466 25508
9648 25508
9830 25508
10012 25508
10194 25508
10376 25508
10558 25508
10740 25508
10922 25508
11104 25508
11286 25508
11468 25508
11650 25508
11832 25508
12014 25508
12196 25508
12379 25508
12561 25508
12743 25508
12925 25508
13107 25508
13289 25508
13471 25508
13653 25508
13835 25508
14017 25508
14199 25508
14381 25508
14563 25508
14745 25508
14927 25508
15109 25508
15291 25508
15473 25508
15655 25508
15837 25508
16019 25508
16201 25508
16384 25508
16566 25508
16748 25508
16930 25508
17112 25508
17294 25508
17476 25508
17658 25508
17840 25508
18022 25508
18204 25508
18386 25508
18568 25508
18750 25508
18932 25508
19114 25508
19296 25508
19478 25508
19660 25508
19842 25508
20024 25508
20206 25508
20388 25508
20571 25508
0 25279
182 25279
364 25279
546 25279
728 25279
910 25279
1092 25279
1274 25279
1456 25279
1638 25279
1820 25279
2002 25279
2184 25279
2366 25279
2548 25279
2730 25279
2912 25279
3094 25279
3276 25279
3458 25279
3640 25279
3822 25279
4004 25279
4187 25279
4369 25279
4551 25279
4733 25279
4915 25279
5097 25279
5279 25279
5461 25279
5643 25279
5825 25279
6007 25279
6189 25279
6371 25279
6553 25279
6735 25279
6917 25279
7099 25279
7281 25279
7463 25279
7645 25279
7827 25279
8009 25279
8192 25279
8374 25279
8556 25279
8738 25279
8920 25279
9102 25279
9284 25279
9466 25279
9648 25279
9830 25279
10012 25279
10194 25279
10376 25279
10558 25279
10740 25279
10922 25279
11104 25279
11286 25279
11468 25279
11650 25279
11832 25279
12014 25279
12196 25279
12379 25279
12561 25279
12743 25279
12925 25279
13107 25279
13289 25279
13471 25279
13653 25279
13835 25279
14017 25279
14199 25279
14381 25279
14563 25279
14745 25279
14927 25279
15109 25279
15291 25279
15473 25279
15655 25279
15837 25279
16019 25279
16201 25279
16384 25279
16566 25279
16748 25279
16930 25279
17112 25279
17294 25279
17476 25279
17658 25279
17840 25279
18022 25279
18204 25279
18386 25279
18568 25279
18750 25279
18932 25279
19114 25279
19296 25279
19478 25279
19660 25279
19842 25279
20024 25279
20206 25279
20388 25279
20571 25279
0 25046
182 25046
364 25046
546 25046
728 25046
910 25046
1092 25046
1274 25046
1456 25046
1638 25046
1820 25046
2002 25046
2184 25046
2366 25046
2548 25046
2730 25046
2912 25046
3094 25046
3276 25046
3458 25046
3640 25046
3822 25046
4004 25046
4187 25046
4369 25046
4551 25046
4733 25046
4915 25046
5097 25046
5279 25046
5461 25046
5643 25046
5825 25046
6007 25046
6189 25046
6371 25046
6553 25046
6735 25046
6917 25046
7099 25046
7281 25046
7463 25046
7645 25046
7827 25046
8009 25046
8192 25046
8374 25046
8556 25046
8738 25046
8920 25046
9102 25046
9284 25046
9466 25046
9648 25046
9830 25046
10012 25046
10194 25046
10376 25046
10558 25046
10740 25046
10922 25046
11104 25046
11286 25046
11468 25046
11650 25046
11832 25046
12014 25046
12196 25046
12379 25046
12561 25046
12743 25046
12925 25046
13107 25046
13289 25046
13471 25046
13653 25046
13835 25046
14017 25046
14199 25046
14381 25046
14563 25046
14745 25046
14927 25046
15109 25046
15291 25046
15473 25046
15655 25046
15837 25046
16019 25046
16201 25046
16384 25046
16566 25046
16748 25046
16930 25046
17112 25046
17294 25046
17476 25046
17658 25046
17840 25046
18022 25046
18204 25046
18386 25046
18568 25046
18750 25046
18932 25046
19114 25046
19296 25046
19478 25046
19660 25046
19842 25046
20024 25046
20206 25046
20388 25046
20571 25046
0 24810
182 24810
364 24810
546 24810
728 24810
910 24810
1092 24810
1274 24810
1456 24810
1638 24810
1820 24810
2002 24810
2184 24810
2366 24810
2548 24810
2730 24810
2912 24810
3094 24810
3276 24810
3458 24810
3640 24810
3822 24810
4004 24810
4187 24810
4369 24810
4551 24810
4733 24810
4915 24810
5097 24810
5279 24810
5461 24810
5643 24810
5825 24810
6007 24810
6189 24810
6371 24810
6553 24810
6735 24810
6917 24810
7099 24810
7281 24810
7463 24810
7645 24810
7827 24810
8009 24810
8192 24810
8374 24810
8556 24810
8738 24810
8920 24810
9102 24810
9284 24810
9466 24810
9648 24810
9830 24810
10012 24810
10194 24810
10376 24810
10558 24810
10740 24810
10922 24810
11104 24810
11286 24810
11468 24810
11650 24810
11832 24810
12014 24810
12196 24810
12379 24810
12561 24810
12743 24810
12925 24810
13107 24810
13289 24810
13471 24810
13653 24810
13835 24810
14017 24810
14199 24810
14381 24810
14563 24810
14745 24810
14927 24810
15109 24810
15291 24810
15473 24810
15655 24810
15837 24810
16019 24810
16201 24810
16384 24810
16566 24810
16748 24810
16930 24810
17112 24810
17294 24810
17476 24810
17658 24810
17840 24810
18022 24810
18204 24810
18386 24810
18568 24810
18750 24810
18932 24810
19114 24810
19296 24810
19478 24810
19660 24810
19842 24810
20024 24810
20206 24810
20388 24810
20571 24810
0 24571
182 24571
364 24571
546 24571
728 24571
910 24571
1092 24571
1274 24571
1456 24571
1638 24571
1820 24571
2002 24571
2184 24571
2366 24571
2548 24571
2730 24571
2912 24571
3094 24571
3276 24571
3458 24571
3640 24571
3822 24571
4004 24571
4187 24571
4369 24571
4551 24571
4733 24571
4915 24571
5097 24571
5279 24571
5461 24571
5643 24571
5825 24571
6007 24571
6189 24571
6371 24571
6553 24571
6735 24571
6917 24571
7099 24571
7281 24571
7463 24571
7645 24571
7827 24571
8009 24571
8192 24571
8374 24571
8556 24571
8738 24571
8920 24571
9102 24571
9284 24571
9466 24571
9648 24571
9830 24571
10012 24571
10194 24571
10376 24571
10558 24571
10740 24571
10922 24571
11104 24571
11286 24571
11468 24571
11650 24571
11832 24571
12014 24571
12196 24571
12379 24571
12561 24571
12743 24571
12925 24571
13107 24571
13289 24571
13471 24571
13653 24571
13835 24571
14017 24571
14199 24571
14381 24571
14563 24571
14745 24571
14927 24571
15109 24571
15291 24571
15473 24571
15655 24571
15837 24571
16019 24571
16201 24571
16384 24571
16566 24571
16748 24571
16930 24571
17112 24571
17294 24571
17476 24571
17658 24571
17840 24571
18022 24571
18204 24571
18386 24571
18568 24571
18750 24571
18932 24571
19114 24571
19296 24571
19478 24571
19660 24571
19842 24571
20024 24571
20206 24571
20388 24571
20571 24571
0 24328
182 24328
364 24328
546 24328
728 24328
910 24328
1092 24328
1274 24328
1456 24328
1638 24328
1820 24328
2002 24328
2184 24328
2366 24328
2548 24328
2730 24328
2912 24328
3094 24328
3276 24328
3458 24328
3640 24328
3822 24328
4004 24328
4187 24328
4369 24328
4551 24328
4733 24328
4915 24328
5097 24328
5279 24328
5461 24328
5643 24328
5825 24328
6007 24328
6189 24328
6371 24328
6553 24328
6735 24328
6917 24328
7099 24328
7281 24328
7463 24328
7645 24328
7827 24328
8009 24328
8192 24328
8374 24328
8556 24328
8738 24328
8920 24328
9102 24328
9284 24328
9466 24328
9648 24328
9830 24328
10012 24328
10194 24328
10376 24328
10558 24328
10740 24328
10922 24328
11104 24328
11286 24328
11468 24328
11650 24328
11832 24328
12014 24328
12196 24328
12379 24328
12561 24328
12743 24328
12925 24328
13107 24328
13289 24328
13471 24328
13653 24328
13835 24328
14017 24328
14199 24328
14381 24328
14563 24328
14745 24328
14927 24328
15109 24328
15291 24328
15473 24328
15655 24328
15837 24328
16019 24328
16201 24328
16384 24328
16566 24328
16748 24328
16930 24328
17112 24328
17294 24328
17476 24328
17658 24328
17840 24328
18022 24328
18204 24328
18386 24328
18568 24328
18750 24328
18932 24328
19114 24328
19296 24328
19478 24328
19660 24328
19842 24328
20024 24328
20206 24328
20388 24328
20571 24328
0 24081
182 24081
364 24081
546 24081
728 24081
910 24081
1092 24081
1274 24081
1456 24081
1638 24081
1820 24081
2002 24081
2184 24081
2366 24081
2548 24081
2730 24081
2912 24081
3094 24081
3276 24081
3458 24081
3640 24081
3822 24081
4004 24081
4187 24081
4369 24081
4551 24081
4733 24081
4915 24081
5097 24081
5279 24081
5461 24081
5643 24081
5825 24081
6007 24081
6189 24081
6371 24081
6553 24081
6735 24081
6917 24081
7099 24081
7281 24081
7463 24081
7645 24081
7827 24081
8009 24081
8192 24081
8374 24081
8556 24081
8738 24081
8920 24081
9102 24081
9284 24081
9466 24081
9648 24081
9830 24081
10012 24081
10194 24081
10376 24081
10558 24081
10740 24081
10922 24081
11104 24081
11286 24081
11468 24081
11650 24081
11832 24081
12014 24081
12196 24081
12379 24081
12561 24081
12743 24081
12925 24081
13107 24081
13289 24081
13471 24081
13653 24081
13835 24081
14017 24081
14199 24081
14381 24081
14563 24081
14745 24081
14927 24081
15109 24081
15291 24081
15473 24081
15655 24081
15837 24081
16019 24081
16201 24081
16384 24081
16566 24081
16748 24081
16930 24081
17112 24081
17294 24081
17476 24081
17658 24081
17840 24081
18022 24081
18204 24081
18386 24081
18568 24081
18750 24081
18932 24081
19114 24081
19296 24081
19478 24081
19660 24081
19842 24081
20024 24081
20206 24081
20388 24081
20571 24081
0 23830
182 23830
364 23830
546 23830
728 23830
910 23830
1092 23830
1274 23830
1456 23830
1638 23830
1820 23830
2002 23830
2184 23830
2366 23830
2548 23830
2730 23830
2912 23830
3094 23830
3276 23830
3458 23830
3640 23830
3822 23830
4004 23830
4187 23830
4369 23830
4551 23830
4733 23830
4915 23830
5097 23830
5279 23830
5461 23830
5643 23830
5825 23830
6007 23830
6189 23830
6371 23830
6553 23830
6735 23830
6917 23830
7099 23830
7281 23830
7463 23830
7645 23830
7827 23830
8009 23830
8192 23830
8374 23830
8556 23830
8738 23830
8920 23830
9102 23830
9284 23830
9466 23830
9648 23830
9830 23830
10012 23830
10194 23830
10376 23830
10558 23830
10740 23830
10922 23830
11104 23830
11286 23830
11468 23830
11650 23830
11832 23830
12014 23830
12196 23830
12379 23830
12561 23830
12743 23830
12925 23830
13107 23830
13289 23830
13471 23830
13653 23830
13835 23830
14017 23830
14199 23830
14381 23830
14563 23830
14745 23830
14927 23830
15109 23830
15291 23830
15473 23830
15655 23830
15837 23830
16019 23830
16201 23830
16384 23830
16566 23830
16748 23830
16930 23830
17112 23830
17294 23830
17476 23830
17658 23830
17840 23830
18022 23830
18204 23830
18386 23830
18568 23830
18750 23830
18932 23830
19114 23830
19296 23830
19478 23830
19660 23830
19842 23830
20024 23830
20206 23830
20388 23830
20571 23830
0 23574
182 23574
364 23574
546 23574
728 23574
910 23574
1092 23574
1274 23574
1456 23574
1638 23574
1820 23574
2002 23574
2184 23574
2366 23574
2548 23574
2730 23574
2912 23574
3094 23574
3276 23574
3458 23574
3640 23574
3822 23574
4004 23574
4187 23574
4369 23574
4551 23574
4733 23574
4915 23574
5097 23574
5279 23574
5461 23574
5643 23574
5825 23574
6007 23574
6189 23574
6371 23574
6553 23574
6735 23574
6917 23574
7099 23574
7281 23574
7463 23574
7645 23574
7827 23574
8009 23574
8192 23574
8374 23574
8556 23574
8738 23574
8920 23574
9102 23574
9284 23574
9466 23574
9648 23574
9830 23574
10012 23574
10194 23574
10376 23574
10558 23574
10740 23574
10922 23574
11104 23574
11286 23574
11468 23574
11650 23574
11832 23574
12014 23574
12196 23574
12379 23574
12561 23574
12743 23574
12925 23574
13107 23574
13289 23574
13471 23574
13653 23574
13835 23574
14017 23574
14199 23574
14381 23574
14563 23574
14745 23574
14927 23574
15109 23574
15291 23574
15473 23574
15655 23574
15837 23574
16019 23574
16201 23574
16384 23574
16566 23574
16748 23574
16930 23574
17112 23574
17294 23574
17476 23574
17658 23574
17840 23574
18022 23574
18204 23574
18386 23574
18568 23574
18750 23574
18932 23574
19114 23574
19296 23574
19478 23574
19660 23574
19842 23574
20024 23574
20206 23574
20388 23574
20571 23574
0 23315
182 23315
364 23315
546 23315
728 23315
910 23315
1092 23315
1274 23315
1456 23315
1638 23315
1820 23315
2002 23315
2184 23315
2366 23315
2548 23315
2730 23315
2912 23315
3094 23315
3276 23315
3458 23315
3640 23315
3822 23315
4004 23315
4187 23315
4369 23315
4551 23315
4733 23315
4915 23315
5097 23315
5279 23315
5461 23315
5643 23315
5825 23315
6007 23315
6189 23315
6371 23315
6553 23315
6735 23315
6917 23315
7099 23315
7281 23315
7463 23315
7645 23315
7827 23315
8009 23315
8192 23315
8374 23315
8556 23315
8738 23315
8920 23315
9102 23315
9284 23315
9466 23315
9648 23315
9830 23315
10012 23315
10194 23315
10376 23315
10558 23315
10740 23315
10922 23315
11104 23315
11286 23315
11468 23315
11650 23315
11832 23315
12014 23315
12196 23315
12379 23315
12561 23315
12743 23315
12925 23315
13107 23315
13289 23315
13471 23315
13653 23315
13835 23315
14017 23315
14199 23315
14381 23315
14563 23315
14745 23315
14927 23315
15109 23315
15291 23315
15473 23315
15655 23315
15837 23315
16019 23315
16201 23315
16384 23315
16566 23315
16748 23315
16930 23315
17112 23315
17294 23315
17476 23315
17658 23315
17840 23315
18022 23315
18204 23315
18386 23315
18568 23315
18750 23315
18932 23315
19114 23315
19296 23315
19478 23315
19660 23315
19842 23315
20024 23315
20206 23315
20388 23315
20571 23315
0 23050
182 23050
364 23050
546 23050
728 23050
910 23050
1092 23050
1274 23050
1456 23050
1638 23050
1820 23050
2002 23050
2184 23050
2366 23050
2548 23050
2730 23050
2912 23050
3094 23050
3276 23050
3458 23050
3640 23050
3822 23050
4004 23050
4187 23050
4369 23050
4551 23050
4733 23050
4915 23050
5097 23050
5279 23050
5461 23050
5643 23050
5825 23050
6007 23050
6189 23050
6371 23050
6553 23050
6735 23050
6917 23050
7099 23050
7281 23050
7463 23050
7645 23050
7827 23050
8009 23050
8192 23050
8374 23050
8556 23050
8738 23050
8920 23050
9102 23050
9284 23050
9466 23050
9648 23050
9830 23050
10012 23050
10194 23050
10376 23050
10558 23050
10740 23050
10922 23050
11104 23050
11286 23050
11468 23050
11650 23050
11832 23050
12014 23050
12196 23050
12379 23050
12561 23050
12743 23050
12925 23050
13107 23050
13289 23050
13471 23050
13653 23050
13835 23050
14017 23050
14199 23050
14381 23050
14563 23050
14745 23050
14927 23050
15109 23050
15291 23050
15473 23050
15655 23050
15837 23050
16019 23050
16201 23050
16384 23050
16566 23050
16748 23050
16930 23050
17112 23050
17294 23050
17476 23050
17658 23050
17840 23050
18022 23050
18204 23050
18386 23050
18568 23050
18750 23050
18932 23050
19114 23050
19296 23050
19478 23050
19660 23050
19842 23050
20024 23050
20206 23050
20388 23050
20571 23050
0 22781
182 22781
364 22781
546 22781
728 22781
910 22781
1092 22781
1274 22781
1456 22781
1638 22781
1820 22781
2002 22781
2184 22781
2366 22781
2548 22781
2730 22781
2912 22781
3094 22781
3276 22781
3458 22781
3640 22781
3822 22781
4004 22781
4187 22781
4369 22781
4551 22781
4733 22781
4915 22781
5097 22781
5279 22781
5461 22781
5643 22781
5825 22781
6007 22781
6189 22781
6371 22781
6553 22781
6735 22781
6917 22781
7099 22781
7281 22781
7463 22781
7645 22781
7827 22781
8009 22781
8192 22781
8374 22781
8556 22781
8738 22781
8920 22781
9102 22781
9284 22781
9466 22781
9648 22781
9830 22781
10012 22781
10194 22781
10376 22781
10558 22781
10740 22781
10922 22781
11104 22781
11286 22781
11468 22781
11650 22781
11832 22781
12014 22781
12196 22781
12379 22781
12561 22781
12743 22781
12925 22781
13107 22781
13289 22781
13471 22781
13653 22781
13835 22781
14017 22781
14199 22781
14381 22781
14563 22781
14745 22781
14927 22781
15109 22781
15291 22781
15473 22781
15655 22781
15837 22781
16019 22781
16201 22781
16384 22781
16566 22781
16748 22781
16930 22781
17112 22781
17294 22781
17476 22781
17658 22781
17840 22781
18022 22781
18204 22781
18386 22781
18568 22781
18750 22781
18932 22781
19114 22781
19296 22781
19478 22781
19660 22781
19842 22781
20024 22781
20206 22781
20388 22781
20571 22781
0 22506
182 22506
364 22506
546 22506
728 22506
910 22506
1092 22506
1274 22506
1456 22506
1638 22506
1820 22506
2002 22506
2184 22506
2366 22506
2548 22506
2730 22506
2912 22506
3094 22506
3276 22506
3458 22506
3640 22506
3822 22506
4004 22506
4187 22506
4369 22506
4551 22506
4733 22506
4915 22506
5097 22506
5279 22506
5461 22506
5643 22506
5825 22506
6007 22506
6189 22506
6371 22506
6553 22506
6735 22506
6917 22506
7099 22506
7281 22506
7463 22506
7645 22506
7827 22506
8009 22506
8192 22506
8374 22506
8556 22506
8738 22506
8920 22506
9102 22506
9284 22506
9466 22506
9648 22506
9830 22506
10012 22506
10194 22506
10376 22506
10558 22506
10740 22506
10922 22506
11104 22506
11286 22506
11468 22506
11650 22506
11832 22506
12014 22506
12196 22506
12379 22506
12561 22506
12743 22506
12925 22506
13107 22506
13289 22506
13471 22506
13653 22506
13835 22506
14017 22506
14199 22506
14381 22506
14563 22506
14745 22506
14927 22506
15109 22506
15291 22506
15473 22506
15655 22506
15837 22506
16019 22506
16201 22506
16384 22506
16566 22506
16748 22506
16930 22506
17112 22506
17294 22506
17476 22506
17658 22506
17840 22506
18022 22506
18204 22506
18386 22506
18568 22506
18750 22506
18932 22506
19114 22506
19296 22506
19478 22506
19660 22506
19842 22506
20024 22506
20206 22506
20388 22506
20571 22506
0 22226
182 22226
364 22226
546 22226
728 22226
910 22226
1092 22226
1274 22226
1456 22226
1638 22226
1820 22226
2002 22226
2184 22226
2366 22226
2548 22226
2730 22226
2912 22226
3094 22226
3276 22226
3458 22226
3640 22226
3822 22226
4004 22226
4187 22226
4369 22226
4551 22226
4733 22226
4915 22226
5097 22226
5279 22226
5461 22226
5643 22226
5825 22226
6007 22226
6189 22226
6371 22226
6553 22226
6735 22226
6917 22226
7099 22226
7281 22226
7463 22226
7645 22226
7827 22226
8009 22226
8192 22226
8374 22226
8556 22226
8738 22226
8920 22226
9102 22226
9284 22226
9466 22226
9648 22226
9830 22226
10012 22226
10194 22226
10376 22226
10558 22226
10740 22226
10922 22226
11104 22226
11286 22226
11468 22226
11650 22226
11832 22226
12014 22226
12196 22226
12379 22226
12561 22226
12743 22226
12925 22226
13107 22226
13289 22226
13471 22226
13653 22226
13835 22226
14017 22226
14199 22226
14381 22226
14563 22226
14745 22226
14927 22226
15109 22226
15291 22226
15473 22226
15655 22226
15837 22226
16019 22226
16201 22226
16384 22226
16566 22226
16748 22226
16930 22226
17112 22226
17294 22226
17476 22226
17658 22226
17840 22226
18022 22226
18204 22226
18386 22226
18568 22226
18750 22226
18932 22226
19114 22226
19296 22226
19478 22226
19660 22226
19842 22226
20024 22226
20206 22226
20388 22226
20571 22226
0 21939
182 21939
364 21939
546 21939
728 21939
910 21939
1092 21939
1274 21939
1456 21939
1638 21939
1820 21939
2002 21939
2184 21939
2366 21939
2548 21939
2730 21939
2912 21939
3094 21939
3276 21939
3458 21939
3640 21939
3822 21939
4004 21939
4187 21939
4369 21939
4551 21939
4733 21939
4915 21939
5097 21939
5279 21939
5461 21939
5643 21939
5825 21939
6007 21939
6189 21939
6371 21939
6553 21939
6735 21939
6917 21939
7099 21939
7281 21939
7463 21939
7645 21939
7827 21939
8009 21939
8192 21939
8374 21939
8556 21939
8738 21939
8920 21939
9102 21939
9284 21939
9466 21939
9648 21939
9830 21939
10012 21939
10194 21939
10376 21939
10558 21939
10740 21939
10922 21939
11104 21939
11286 21939
11468 21939
11650 21939
11832 21939
12014 21939
12196 21939
12379 21939
12561 21939
12743 21939
12925 21939
13107 21939
13289 21939
13471 21939
13653 21939
13835 21939
14017 21939
14199 21939
14381 21939
14563 21939
14745 21939
14927 21939
15109 21939
15291 21939
15473 21939
15655 21939
15837 21939
16019 21939
16201 21939
16384 21939
16566 21939
16748 21939
16930 21939
17112 21939
17294 21939
17476 21939
17658 21939
17840 21939
18022 21939
18204 21939
18386 21939
18568 21939
18750 21939
18932 21939
19114 21939
19296 21939
19478 21939
19660 21939
19842 21939
20024 21939
20206 21939
20388 21939
20571 21939
0 21647
182 21647
364 21647
546 21647
728 21647
910 21647
1092 21647
1274 21647
1456 21647
1638 21647
1820 21647
2002 21647
2184 21647
2366 21647
2548 21647
2730 21647
2912 21647
3094 21647
3276 21647
3458 21647
3640 21647
3822 21647
4004 21647
4187 21647
4369 21647
4551 21647
4733 21647
4915 21647
5097 21647
5279 21647
5461 21647
5643 21647
5825 21647
6007 21647
6189 21647
6371 21647
6553 21647
6735 21647
6917 21647
7099 21647
7281 21647
7463 21647
7645 21647
7827 21647
8009 21647
8192 21647
8374 21647
8556 21647
8738 21647
8920 21647
9102 21647
9284 21647
9466 21647
9648 21647
9830 21647
10012 21647
10194 21647
10376 21647
10558 21647
10740 21647
10922 21647
11104 21647
11286 21647
11468 21647
11650 21647
11832 21647
12014 21647
12196 21647
12379 21647
12561 21647
12743 21647
12925 21647
13107 21647
13289 21647
13471 21647
13653 21647
13835 21647
14017 21647
14199 21647
14381 21647
14563 21647
14745 21647
14927 21647
15109 21647
15291 21647
15473 21647
15655 21647
15837 21647
16019 21647
16201 21647
16384 21647
16566 21647
16748 21647
16930 21647
17112 21647
17294 21647
17476 21647
17658 21647
17840 21647
18022 21647
18204 21647
18386 21647
18568 21647
18750 21647
18932 21647
19114 21647
19296 21647
19478 21647
19660 21647
19842 21647
20024 21647
20206 21647
20388 21647
20571 21647
0 21348
182 21348
364 21348
546 21348
728 21348
910 21348
1092 21348
1274 21348
1456 21348
1638 21348
1820 21348
2002 21348
2184 21348
2366 21348
2548 21348
2730 21348
2912 21348
3094 21348
3276 21348
3458 21348
3640 21348
3822 21348
4004 21348
4187 21348
4369 21348
4551 21348
4733 21348
4915 21348
5097 21348
5279 21348
5461 21348
5643 21348
5825 21348
6007 21348
6189 21348
6371 21348
6553 21348
6735 21348
6917 21348
7099 21348
7281 21348
7463 21348
7645 21348
7827 21348
8009 21348
8192 21348
8374 21348
8556 21348
8738 21348
8920 21348
9102 21348
9284 21348
9466 21348
9648 21348
9830 21348
10012 21348
10194 21348
10376 21348
10558 21348
10740 21348
10922 21348
11104 21348
11286 21348
11468 21348
11650 21348
11832 21348
12014 21348
12196 21348
12379 21348
12561 21348
12743 21348
12925 21348
13107 21348
13289 21348
13471 21348
13653 21348
13835 21348
14017 21348
14199 21348
14381 21348
14563 21348
14745 21348
14927 21348
15109 21348
15291 21348
15473 21348
15655 21348
15837 21348
16019 21348
16201 21348
16384 21348
16566 21348
16748 21348
16930 21348
17112 21348
17294 21348
17476 21348
17658 21348
17840 21348
18022 21348
18204 21348
18386 21348
18568 21348
18750 21348
18932 21348
19114 21348
19296 21348
19478 21348
19660 21348
19842 21348
20024 21348
20206 21348
20388 21348
20571 21348
0 21042
182 21042
364 21042
546 21042
728 21042
910 21042
1092 21042
1274 21042
1456 21042
1638 21042
1820 21042
2002 21042
2184 21042
2366 21042
2548 21042
2730 21042
2912 21042
3094 21042
3276 21042
3458 21042
3640 21042
3822 21042
4004 21042
4187 21042
4369 21042
4551 21042
4733 21042
4915 21042
5097 21042
5279 21042
5461 21042
5643 21042
5825 21042
6007 21042
6189 21042
6371 21042
6553 21042
6735 21042
6917 21042
7099 21042
7281 21042
7463 21042
7645 21042
7827 21042
8009 21042
8192 21042
8374 21042
8556 21042
8738 21042
8920 21042
9102 21042
9284 21042
9466 21042
9648 21042
9830 21042
10012 21042
10194 21042
10376 21042
10558 21042
10740 21042
10922 21042
11104 21042
11286 21042
11468 21042
11650 21042
11832 21042
12014 21042
12196 21042
12379 21042
12561 21042
12743 21042
12925 21042
13107 21042
13289 21042
13471 21042
13653 21042
13835 21042
14017 21042
14199 21042
14381 21042
14563 21042
14745 21042
14927 21042
15109 21042
15291 21042
15473 21042
15655 21042
15837 21042
16019 21042
16201 21042
16384 21042
16566 21042
16748 21042
16930 21042
17112 21042
17294 21042
17476 21042
17658 21042
17840 21042
18022 21042
18204 21042
18386 21042
18568 21042
18750 21042
18932 21042
19114 21042
19296 21042
19478 21042
19660 21042
19842 21042
20024 21042
20206 21042
20388 21042
20571 21042
0 20728
182 20728
364 20728
546 20728
728 20728
910 20728
1092 20728
1274 20728
1456 20728
1638 20728
1820 20728
2002 20728
2184 20728
2366 20728
2548 20728
2730 20728
2912 20728
3094 20728
3276 20728
3458 20728
3640 20728
3822 20728
4004 20728
4187 20728
4369 20728
4551 20728
4733 20728
4915 20728
5097 20728
5279 20728
5461 20728
5643 20728
5825 20728
6007 20728
6189 20728
6371 20728
6553 20728
6735 20728
6917 20728
7099 20728
7281 20728
7463 20728
7645 20728
7827 20728
8009 20728
8192 20728
8374 20728
8556 20728
8738 20728
8920 20728
9102 20728
9284 20728
9466 20728
9648 20728
9830 20728
10012 20728
10194 20728
10376 20728
10558 20728
10740 20728
10922 20728
11104 20728
11286 20728
11468 20728
11650 20728
11832 20728
12014 20728
12196 20728
12379 20728
12561 20728
12743 20728
12925 20728
13107 20728
13289 20728
13471 20728
13653 20728
13835 20728
14017 20728
14199 20728
14381 20728
14563 20728
14745 20728
14927 20728
15109 20728
15291 20728
15473 20728
15655 20728
15837 20728
16019 20728
16201 20728
16384 20728
16566 20728
16748 20728
16930 20728
17112 20728
17294 20728
17476 20728
17658 20728
17840 20728
18022 20728
18204 20728
18386 20728
18568 20728
18750 20728
18932 20728
19114 20728
19296 20728
19478 20728
19660 20728
19842 20728
20024 20728
20206 20728
20388 20728
20571 20728
0 20407
182 20407
364 20407
546 20407
728 20407
910 20407
1092 20407
1274 20407
1456 20407
1638 20407
1820 20407
2002 20407
2184 20407
2366 20407
2548 20407
2730 20407
2912 20407
3094 20407
3276 20407
3458 20407
3640 20407
3822 20407
4004 20407
4187 20407
4369 20407
4551 20407
4733 20407
4915 20407
5097 20407
5279 20407
5461 20407
5643 20407
5825 20407
6007 20407
6189 20407
6371 20407
6553 20407
6735 20407
6917 20407
7099 20407
7281 20407
7463 20407
7645 20407
7827 20407
8009 20407
8192 20407
8374 20407
8556 20407
8738 20407
8920 20407
9102 20407
9284 20407
9466 20407
9648 20407
9830 20407
10012 20407
10194 20407
10376 20407
10558 20407
10740 20407
10922 20407
11104 20407
11286 20407
11468 20407
11650 20407
11832 20407
12014 20407
12196 20407
12379 20407
12561 20407
12743 20407
12925 20407
13107 20407
13289 20407
13471 20407
13653 20407
13835 20407
14017 20407
14199 20407
14381 20407
14563 20407
14745 20407
14927 20407
15109 20407
15291 20407
15473 20407
15655 20407
15837 20407
16019 20407
16201 20407
16384 20407
16566 20407
16748 20407
16930 20407
17112 20407
17294 20407
17476 20407
17658 20407
17840 20407
18022 20407
18204 20407
18386 20407
18568 20407
18750 20407
18932 20407
19114 20407
19296 20407
19478 20407
19660 20407
19842 20407
20024 20407
20206 20407
20388 20407
20571 20407
0 20077
182 20077
364 20077
546 20077
728 20077
910 20077
1092 20077
1274 20077
1456 20077
1638 20077
1820 20077
2002 20077
2184 20077
2366 20077
2548 20077
2730 20077
2912 20077
3094 20077
3276 20077
3458 20077
3640 20077
3822 20077
4004 20077
4187 20077
4369 20077
4551 20077
4733 20077
4915 20077
5097 20077
5279 20077
5461 20077
5643 20077
5825 20077
6007 20077
6189 20077
6371 20077
6553 20077
6735 20077
6917 20077
7099 20077
7281 20077
7463 20077
7645 20077
7827 20077
8009 20077
8192 20077
8374 20077
8556 20077
8738 20077
8920 20077
9102 20077
9284 20077
9466 20077
9648 20077
9830 20077
10012 20077
10194 20077
10376 20077
10558 20077
10740 20077
10922 20077
11104 20077
11286 20077
11468 20077
11650 20077
11832 20077
12014 20077
12196 20077
12379 20077
12561 20077
12743 20077
12925 20077
13107 20077
13289 20077
13471 20077
13653 20077
13835 20077
14017 20077
14199 20077
14381 20077
14563 20077
14745 20077
14927 20077
15109 20077
15291 20077
15473 20077
15655 20077
15837 20077
16019 20077
16201 20077
16384 20077
16566 20077
16748 20077
16930 20077
17112 20077
17294 20077
17476 20077
17658 20077
17840 20077
18022 20077
18204 20077
18386 20077
18568 20077
18750 20077
18932 20077
19114 20077
19296 20077
19478 20077
19660 20077
19842 20077
20024 20077
20206 20077
20388 20077
20571 20077
0 19738
182 19738
364 19738
546 19738
728 19738
910 19738
1092 19738
1274 19738
1456 19738
1638 19738
1820 19738
2002 19738
2184 19738
2366 19738
2548 19738
2730 19738
2912 19738
3094 19738
3276 19738
3458 19738
3640 19738
3822 19738
4004 19738
4187 19738
4369 19738
4551 19738
4733 19738
4915 19738
5097 19738
5279 19738
5461 19738
5643 19738
5825 19738
6007 19738
6189 19738
6371 19738
6553 19738
6735 19738
6917 19738
7099 19738
7281 19738
7463 19738
7645 19738
7827 19738
8009 19738
8192 19738
8374 19738
8556 19738
8738 19738
8920 19738
9102 19738
9284 19738
9466 19738
9648 19738
9830 19738
10012 19738
10194 19738
10376 19738
10558 19738
10740 19738
10922 19738
11104 19738
11286 19738
11468 19738
11650 19738
11832 19738
12014 19738
12196 19738
12379 19738
12561 19738
12743 19738
12925 19738
13107 19738
13289 19738
13471 19738
13653 19738
13835 19738
14017 19738
14199 19738
14381 19738
14563 19738
14745 19738
14927 19738
15109 19738
15291 19738
15473 19738
15655 19738
15837 19738
16019 19738
16201 19738
16384 19738
16566 19738
16748 19738
16930 19738
17112 19738
17294 19738
17476 19738
17658 19738
17840 19738
18022 19738
18204 19738
18386 19738
18568 19738
18750 19738
18932 19738
19114 19738
19296 19738
19478 19738
19660 19738
19842 19738
20024 19738
20206 19738
20388 19738
20571 19738
0 19390
182 19390
364 19390
546 19390
728 19390
910 19390
1092 19390
1274 19390
1456 19390
1638 19390
1820 19390
2002 19390
2184 19390
2366 19390
2548 19390
2730 19390
2912 19390
3094 19390
3276 19390
3458 19390
3640 19390
3822 19390
4004 19390
4187 19390
4369 19390
4551 19390
4733 19390
4915 19390
5097 19390
5279 19390
5461 19390
5643 19390
5825 19390
6007 19390
6189 19390
6371 19390
6553 19390
6735 19390
6917 19390
7099 19390
7281 19390
7463 19390
7645 19390
7827 19390
8009 19390
8192 19390
8374 19390
8556 19390
8738 19390
8920 19390
9102 19390
9284 19390
9466 19390
9648 19390
9830 19390
10012 19390
10194 19390
10376 19390
10558 19390
10740 19390
10922 19390
11104 19390
11286 19390
11468 19390
11650 19390
11832 19390
12014 19390
12196 19390
12379 19390
12561 19390
12743 19390
12925 19390
13107 19390
13289 19390
13471 19390
13653 19390
13835 19390
14017 19390
14199 19390
14381 19390
14563 19390
14745 19390
14927 19390
15109 19390
15291 19390
15473 19390
15655 19390
15837 19390
16019 19390
16201 19390
16384 19390
16566 19390
16748 19390
16930 19390
17112 19390
17294 19390
17476 19390
17658 19390
17840 19390
18022 19390
18204 19390
18386 19390
18568 19390
18750 19390
18932 19390
19114 19390
19296 19390
19478 19390
19660 19390
19842 19390
20024 19390
20206 19390
20388 19390
20571 19390
0 19031
182 19031
364 19031
546 19031
728 19031
910 19031
1092 19031
1274 19031
1456 19031
1638 19031
1820 19031
2002 19031
2184 19031
2366 19031
2548 19031
2730 19031
2912 19031
3094 19031
3276 19031
3458 19031
3640 19031
3822 19031
4004 19031
4187 19031
4369 19031
4551 19031
4733 19031
4915 19031
5097 19031
5279 19031
5461 19031
5643 19031
5825 19031
6007 19031
6189 19031
6371 19031
6553 19031
6735 19031
6917 19031
7099 19031
7281 19031
7463 19031
7645 19031
7827 19031
8009 19031
8192 19031
8374 19031
8556 19031
8738 19031
8920 19031
9102 19031
9284 19031
9466 19031
9648 19031
9830 19031
10012 19031
10194 19031
10376 19031
10558 19031
10740 19031
10922 19031
11104 19031
11286 19031
11468 19031
11650 19031
11832 19031
12014 19031
12196 19031
12379 19031
12561 19031
12743 19031
12925 19031
13107 19031
13289 19031
13471 19031
13653 19031
13835 19031
14017 19031
14199 19031
14381 19031
14563 19031
14745 19031
14927 19031
15109 19031
15291 19031
15473 19031
15655 19031
15837 19031
16019 19031
16201 19031
16384 19031
16566 19031
16748 19031
16930 19031
17112 19031
17294 19031
17476 19031
17658 19031
17840 19031
18022 19031
18204 19031
18386 19031
18568 19031
18750 19031
18932 19031
19114 19031
19296 19031
19478 19031
19660 19031
19842 19031
20024 19031
20206 19031
20388 19031
20571 19031
0 18661
182 18661
364 18661
546 18661
728 18661
910 18661
1092 18661
1274 18661
1456 18661
1638 18661
1820 18661
2002 18661
2184 18661
2366 18661
2548 18661
2730 18661
2912 18661
3094 18661
3276 18661
3458 18661
3640 18661
3822 18661
4004 18661
4187 18661
4369 18661
4551 18661
4733 18661
4915 18661
5097 18661
5279 18661
5461 18661
5643 18661
5825 18661
6007 18661
6189 18661
6371 18661
6553 18661
6735 18661
6917 18661
7099 18661
7281 18661
7463 18661
7645 18661
7827 18661
8009 18661
8192 18661
8374 18661
8556 18661
8738 18661
8920 18661
9102 18661
9284 18661
9466 18661
9648 18661
9830 18661
10012 18661
10194 18661
10376 18661
10558 18661
10740 18661
10922 18661
11104 18661
11286 18661
11468 18661
11650 18661
11832 18661
12014 18661
12196 18661
12379 18661
12561 18661
12743 18661
12925 18661
13107 18661
13289 18661
13471 18661
13653 18661
13835 18661
14017 18661
14199 18661
14381 18661
14563 18661
14745 18661
14927 18661
15109 18661
15291 18661
15473 18661
15655 18661
15837 18661
16019 18661
16201 18661
16384 18661
16566 18661
16748 18661
16930 18661
17112 18661
17294 18661
17476 18661
17658 18661
17840 18661
18022 18661
18204 18661
18386 18661
18568 18661
18750 18661
18932 18661
19114 18661
19296 18661
19478 18661
19660 18661
19842 18661
20024 18661
20206 18661
20388 18661
20571 18661
0 18280
182 18280
364 18280
546 18280
728 18280
910 18280
1092 18280
1274 18280
1456 18280
1638 18280
1820 18280
2002 18280
2184 18280
2366 18280
2548 18280
2730 18280
2912 18280
3094 18280
3276 18280
3458 18280
3640 18280
3822 18280
4004 18280
4187 18280
4369 18280
4551 18280
4733 18280
4915 18280
5097 18280
5279 18280
5461 18280
5643 18280
5825 18280
6007 18280
6189 18280
6371 18280
6553 18280
6735 18280
6917 18280
7099 18280
7281 18280
7463 18280
7645 18280
7827 18280
8009 18280
8192 18280
8374 18280
8556 18280
8738 18280
8920 18280
9102 18280
9284 18280
9466 18280
9648 18280
9830 18280
10012 18280
10194 18280
10376 18280
10558 18280
10740 18280
10922 18280
11104 18280
11286 18280
11468 18280
11650 18280
11832 18280
12014 18280
12196 18280
12379 18280
12561 18280
12743 18280
12925 18280
13107 18280
13289 18280
13471 18280
13653 18280
13835 18280
14017 18280
14199 18280
14381 18280
14563 18280
14745 18280
14927 18280
15109 18280
15291 18280
15473 18280
15655 18280
15837 18280
16019 18280
16201 18280
16384 18280
16566 18280
16748 18280
16930 18280
17112 18280
17294 18280
17476 18280
17658 18280
17840 18280
18022 18280
18204 18280
18386 18280
18568 18280
18750 18280
18932 18280
19114 18280
19296 18280
19478 18280
19660 18280
19842 18280
20024 18280
20206 18280
20388 18280
20571 18280
0 17886
182 17886
364 17886
546 17886
728 17886
910 17886
1092 17886
1274 17886
1456 17886
1638 17886
1820 17886
2002 17886
2184 17886
2366 17886
2548 17886
2730 17886
2912 17886
3094 17886
3276 17886
3458 17886
3640 17886
3822 17886
4004 17886
4187 17886
4369 17886
4551 17886
4733 17886
4915 17886
5097 17886
5279 17886
5461 17886
5643 17886
5825 17886
6007 17886
6189 17886
6371 17886
6553 17886
6735 17886
6917 17886
7099 17886
7281 17886
7463 17886
7645 17886
7827 17886
8009 17886
8192 17886
8374 17886
8556 17886
8738 17886
8920 17886
9102 17886
9284 17886
9466 17886
9648 17886
9830 17886
10012 17886
10194 17886
10376 17886
10558 17886
10740 17886
10922 17886
11104 17886
11286 17886
11468 17886
11650 17886
11832 17886
12014 17886
12196 17886
12379 17886
12561 17886
12743 17886
12925 17886
13107 17886
13289 17886
13471 17886
13653 17886
13835 17886
14017 17886
14199 17886
14381 17886
14563 17886
14745 17886
14927 17886
15109 17886
15291 17886
15473 17886
15655 17886
15837 17886
16019 17886
16201 17886
16384 17886
16566 17886
16748 17886
16930 17886
17112 17886
17294 17886
17476 17886
17658 17886
17840 17886
18022 17886
18204 17886
18386 17886
18568 17886
18750 17886
18932 17886
19114 17886
19296 17886
19478 17886
19660 17886
19842 17886
20024 17886
20206 17886
20388 17886
20571 17886
0 17478
182 17478
364 17478
546 17478
728 17478
910 17478
1092 17478
1274 17478
1456 17478
1638 17478
1820 17478
2002 17478
2184 17478
2366 17478
2548 17478
2730 17478
2912 17478
3094 17478
3276 17478
3458 17478
3640 17478
3822 17478
4004 17478
4187 17478
4369 17478
4551 17478
4733 17478
4915 17478
5097 17478
5279 17478
5461 17478
5643 17478
5825 17478
6007 17478
6189 17478
6371 17478
6553 17478
6735 17478
6917 17478
7099 17478
7281 17478
7463 17478
7645 17478
7827 17478
8009 17478
8192 17478
8374 17478
8556 17478
8738 17478
8920 17478
9102 17478
9284 17478
9466 17478
9648 17478
9830 17478
10012 17478
10194 17478
10376 17478
10558 17478
10740 17478
10922 17478
11104 17478
11286 17478
11468 17478
11650 17478
11832 17478
12014 17478
12196 17478
12379 17478
12561 17478
12743 17478
12925 17478
13107 17478
13289 17478
13471 17478
13653 17478
13835 17478
14017 17478
14199 17478
14381 17478
14563 17478
14745 17478
14927 17478
15109 17478
15291 17478
15473 17478
15655 17478
15837 17478
16019 17478
16201 17478
16384 17478
16566 17478
16748 17478
16930 17478
17112 17478
17294 17478
17476 17478
17658 17478
17840 17478
18022 17478
18204 17478
18386 17478
18568 17478
18750 17478
18932 17478
19114 17478
19296 17478
19478 17478
19660 17478
19842 17478
20024 17478
20206 17478
20388 17478
20571 17478
0 17055
182 17055
364 17055
546 17055
728 17055
910 17055
1092 17055
1274 17055
1456 17055
1638 17055
1820 17055
2002 17055
2184 17055
2366 17055
2548 17055
2730 17055
2912 17055
3094 17055
3276 17055
3458 17055
3640 17055
3822 17055
4004 17055
4187 17055
4369 17055
4551 17055
4733 17055
4915 17055
5097 17055
5279 17055
5461 17055
5643 17055
5825 17055
6007 17055
6189 17055
6371 17055
6553 17055
6735 17055
6917 17055
7099 17055
7281 17055
7463 17055
7645 17055
7827 17055
8009 17055
8192 17055
8374 17055
8556 17055
8738 17055
8920 17055
9102 17055
9284 17055
9466 17055
9648 17055
9830 17055
10012 17055
10194 17055
10376 17055
10558 17055
10740 17055
10922 17055
11104 17055
11286 17055
11468 17055
11650 17055
11832 17055
12014 17055
12196 17055
12379 17055
12561 17055
12743 17055
12925 17055
13107 17055
13289 17055
13471 17055
13653 17055
13835 17055
14017 17055
14199 17055
14381 17055
14563 17055
14745 17055
14927 17055
15109 17055
15291 17055
15473 17055
15655 17055
15837 17055
16019 17055
16201 17055
16384 17055
16566 17055
16748 17055
16930 17055
17112 17055
17294 17055
17476 17055
17658 17055
17840 17055
18022 17055
18204 17055
18386 17055
18568 17055
18750 17055
18932 17055
19114 17055
19296 17055
19478 17055
19660 17055
19842 17055
20024 17055
20206 17055
20388 17055
20571 17055
0 16616
182 16616
364 16616
546 16616
728 16616
910 16616
1092 16616
1274 16616
1456 16616
1638 16616
1820 16616
2002 16616
2184 16616
2366 16616
2548 16616
2730 16616
2912 16616
3094 16616
3276 16616
3458 16616
3640 16616
3822 16616
4004 16616
4187 16616
4369 16616
4551 16616
4733 16616
4915 16616
5097 16616
5279 16616
5461 16616
5643 16616
5825 16616
6007 16616
6189 16616
6371 16616
6553 16616
6735 16616
6917 16616
7099 16616
7281 16616
7463 16616
7645 16616
7827 16616
8009 16616
8192 16616
8374 16616
8556 16616
8738 16616
8920 16616
9102 16616
9284 16616
9466 16616
9648 16616
9830 16616
10012 16616
10194 16616
10376 16616
10558 16616
10740 16616
10922 16616
11104 16616
11286 16616
11468 16616
11650 16616
11832 16616
12014 16616
12196 16616
12379 16616
12561 16616
12743 16616
12925 16616
13107 16616
13289 16616
13471 16616
13653 16616
13835 16616
14017 16616
14199 16616
14381 16616
14563 16616
14745 16616
14927 16616
15109 16616
15291 16616
15473 16616
15655 16616
15837 16616
16019 16616
16201 16616
16384 16616
16566 16616
16748 16616
16930 16616
17112 16616
17294 16616
17476 16616
17658 16616
17840 16616
18022 16616
18204 16616
18386 16616
18568 16616
18750 16616
18932 16616
19114 16616
19296 16616
19478 16616
19660 16616
19842 16616
20024 16616
20206 16616
20388 16616
20571 16616
0 16159
182 16159
364 16159
546 16159
728 16159
910 16159
1092 16159
1274 16159
1456 16159
1638 16159
1820 16159
2002 16159
2184 16159
2366 16159
2548 16159
2730 16159
2912 16159
3094 16159
3276 16159
3458 16159
3640 16159
3822 16159
4004 16159
4187 16159
4369 16159
4551 16159
4733 16159
4915 16159
5097 16159
5279 16159
5461 16159
5643 16159
5825 16159
6007 16159
6189 16159
6371 16159
6553 16159
6735 16159
6917 16159
7099 16159
7281 16159
7463 16159
7645 16159
7827 16159
8009 16159
8192 16159
8374 16159
8556 16159
8738 16159
8920 16159
9102 16159
9284 16159
9466 16159
9648 16159
9830 16159
10012 16159
10194 16159
10376 16159
10558 16159
10740 16159
10922 16159
11104 16159
11286 16159
11468 16159
11650 16159
11832 16159
12014 16159
12196 16159
12379 16159
12561 16159
12743 16159
12925 16159
13107 16159
13289 16159
13471 16159
13653 16159
13835 16159
14017 16159
14199 16159
14381 16159
14563 16159
14745 16159
14927 16159
15109 16159
15291 16159
15473 16159
15655 16159
15837 16159
16019 16159
16201 16159
16384 16159
16566 16159
16748 16159
16930 16159
17112 16159
17294 16159
17476 16159
17658 16159
17840 16159
18022 16159
18204 16159
18386 16159
18568 16159
18750 16159
18932 16159
19114 16159
19296 16159
19478 16159
19660 16159
19842 16159
20024 16159
20206 16159
20388 16159
20571 16159
0 15683
182 15683
364 15683
546 15683
728 15683
910 15683
1092 15683
1274 15683
1456 15683
1638 15683
1820 15683
2002 15683
2184 15683
2366 15683
2548 15683
2730 15683
2912 15683
3094 15683
3276 15683
3458 15683
3640 15683
3822 15683
4004 15683
4187 15683
4369 15683
4551 15683
4733 15683
4915 15683
5097 15683
5279 15683
5461 15683
5643 15683
5825 15683
6007 15683
6189 15683
6371 15683
6553 15683
6735 15683
6917 15683
7099 15683
7281 15683
7463 15683
7645 15683
7827 15683
8009 15683
8192 15683
8374 15683
8556 15683
8738 15683
8920 15683
9102 15683
9284 15683
9466 15683
9648 15683
9830 15683
10012 15683
10194 15683
10376 15683
10558 15683
10740 15683
10922 15683
11104 15683
11286 15683
11468 15683
11650 15683
11832 15683
12014 15683
12196 15683
12379 15683
12561 15683
12743 15683
12925 15683
13107 15683
13289 15683
13471 15683
13653 15683
13835 15683
14017 15683
14199 15683
14381 15683
14563 15683
14745 15683
14927 15683
15109 15683
15291 15683
15473 15683
15655 15683
15837 15683
16019 15683
16201 15683
16384 15683
16566 15683
16748 15683
16930 15683
17112 15683
17294 15683
17476 15683
17658 15683
17840 15683
18022 15683
18204 15683
18386 15683
18568 15683
18750 15683
18932 15683
19114 15683
19296 15683
19478 15683
19660 15683
19842 15683
20024 15683
20206 15683
20388 15683
20571 15683
0 15186
182 15186
364 15186
546 15186
728 15186
910 15186
1092 15186
1274 15186
1456 15186
1638 15186
1820 15186
2002 15186
2184 15186
2366 15186
2548 15186
2730 15186
2912 15186
3094 15186
3276 15186
3458 15186
3640 15186
3822 15186
4004 15186
4187 15186
4369 15186
4551 15186
4733 15186
4915 15186
5097 15186
5279 15186
5461 15186
5643 15186
5825 15186
6007 15186
6189 15186
6371 15186
6553 15186
6735 15186
6917 15186
7099 15186
7281 15186
7463 15186
7645 15186
7827 15186
8009 15186
8192 15186
8374 15186
8556 15186
8738 15186
8920 15186
9102 15186
9284 15186
9466 15186
9648 15186
9830 15186
10012 15186
10194 15186
10376 15186
10558 15186
10740 15186
10922 15186
11104 15186
11286 15186
11468 15186
11650 15186
11832 15186
12014 15186
12196 15186
12379 15186
12561 15186
12743 15186
12925 15186
13107 15186
13289 15186
13471 15186
13653 15186
13835 15186
14017 15186
14199 15186
14381 15186
14563 15186
14745 15186
14927 15186
15109 15186
15291 15186
15473 15186
15655 15186
15837 15186
16019 15186
16201 15186
16384 15186
16566 15186
16748 15186
16930 15186
17112 15186
17294 15186
17476 15186
17658 15186
17840 15186
18022 15186
18204 15186
18386 15186
18568 15186
18750 15186
18932 15186
19114 15186
19296 15186
19478 15186
19660 15186
19842 15186
20024 15186
20206 15186
20388 15186
20571 15186
0 14666
182 14666
364 14666
546 14666
728 14666
910 14666
1092 14666
1274 14666
1456 14666
1638 14666
1820 14666
2002 14666
2184 14666
2366 14666
2548 14666
2730 14666
2912 14666
3094 14666
3276 14666
3458 14666
3640 14666
3822 14666
4004 14666
4187 14666
4369 14666
4551 14666
4733 14666
4915 14666
5097 14666
5279 14666
5461 14666
5643 14666
5825 14666
6007 14666
6189 14666
6371 14666
6553 14666
6735 14666
6917 14666
7099 14666
7281 14666
7463 14666
7645 14666
7827 14666
8009 14666
8192 14666
8374 14666
8556 14666
8738 14666
8920 14666
9102 14666
9284 14666
9466 14666
9648 14666
9830 14666
10012 14666
10194 14666
10376 14666
10558 14666
10740 14666
10922 14666
11104 14666
11286 14666
11468 14666
11650 14666
11832 14666
12014 14666
12196 14666
12379 14666
12561 14666
12743 14666
12925 14666
13107 14666
13289 14666
13471 14666
13653 14666
13835 14666
14017 14666
14199 14666
14381 14666
14563 14666
14745 14666
14927 14666
15109 14666
15291 14666
15473 14666
15655 14666
15837 14666
16019 14666
16201 14666
16384 14666
16566 14666
16748 14666
16930 14666
17112 14666
17294 14666
17476 14666
17658 14666
17840 14666
18022 14666
18204 14666
18386 14666
18568 14666
18750 14666
18932 14666
19114 14666
19296 14666
19478 14666
19660 14666
19842 14666
20024 14666
20206 14666
20388 14666
20571 14666
0 14121
182 14121
364 14121
546 14121
728 14121
910 14121
1092 14121
1274 14121
1456 14121
1638 14121
1820 14121
2002 14121
2184 14121
2366 14121
2548 14121
2730 14121
2912 14121
3094 14121
3276 14121
3458 14121
3640 14121
3822 14121
4004 14121
4187 14121
4369 14121
4551 14121
4733 14121
4915 14121
5097 14121
5279 14121
5461 14121
5643 14121
5825 14121
6007 14121
6189 14121
6371 14121
6553 14121
6735 14121
6917 14121
7099 14121
7281 14121
7463 14121
7645 14121
7827 14121
8009 14121
8192 14121
8374 14121
8556 14121
8738 14121
8920 14121
9102 14121
9284 14121
9466 14121
9648 14121
9830 14121
10012 14121
10194 14121
10376 14121
10558 14121
10740 14121
10922 14121
11104 14121
11286 14121
11468 14121
11650 14121
11832 14121
12014 14121
12196 14121
12379 14121
12561 14121
12743 14121
12925 14121
13107 14121
13289 14121
13471 14121
13653 14121
13835 14121
14017 14121
14199 14121
14381 14121
14563 14121
14745 14121
14927 14121
15109 14121
15291 14121
15473 14121
15655 14121
15837 14121
16019 14121
16201 14121
16384 14121
16566 14121
16748 14121
16930 14121
17112 14121
17294 14121
17476 14121
17658 14121
17840 14121
18022 14121
18204 14121
18386 14121
18568 14121
18750 14121
18932 14121
19114 14121
19296 14121
19478 14121
19660 14121
19842 14121
20024 14121
20206 14121
20388 14121
20571 14121
0 13547
182 13547
364 13547
546 13547
728 13547
910 13547
1092 13547
1274 13547
1456 13547
1638 13547
1820 13547
2002 13547
2184 13547
2366 13547
2548 13547
2730 13547
2912 13547
3094 13547
3276 13547
3458 13547
3640 13547
3822 13547
4004 13547
4187 13547
4369 13547
4551 13547
4733 13547
4915 13547
5097 13547
5279 13547
5461 13547
5643 13547
5825 13547
6007 13547
6189 13547
6371 13547
6553 13547
6735 13547
6917 13547
7099 13547
7281 13547
7463 13547
7645 13547
7827 13547
8009 13547
8192 13547
8374 13547
8556 13547
8738 13547
8920 13547
9102 13547
9284 13547
9466 13547
9648 13547
9830 13547
10012 13547
10194 13547
10376 13547
10558 13547
10740 13547
10922 13547
11104 13547
11286 13547
11468 13547
11650 13547
11832 13547
12014 13547
12196 13547
12379 13547
12561 13547
12743 13547
12925 13547
13107 13547
13289 13547
13471 13547
13653 13547
13835 13547
14017 13547
14199 13547
14381 13547
14563 13547
14745 13547
14927 13547
15109 13547
15291 13547
15473 13547
15655 13547
15837 13547
16019 13547
16201 13547
16384 13547
16566 13547
16748 13547
16930 13547
17112 13547
17294 13547
17476 13547
17658 13547
17840 13547
18022 13547
18204 13547
18386 13547
18568 13547
18750 13547
18932 13547
19114 13547
19296 13547
19478 13547
19660 13547
19842 13547
20024 13547
20206 13547
20388 13547
20571 13547
